chrM|0|1|475
chr1|1|1|12365
chr1|1|2|28091
chr1|1|3|25675
chr1|1|4|23259
chr1|1|5|25263
chr1|1|6|25840
chr1|1|7|22775
chr1|1|8|21875
chr1|1|9|20713
chr1|1|10|22692
chr1|1|11|20712
chr1|1|12|24535
chr1|1|13|24143
chr1|1|14|9382
chr1|1|15|22177
chr1|1|16|23747
chr1|1|17|24358
chr1|1|18|24601
chr1|1|19|23055
chr1|1|20|24031
chr1|1|21|22123
chr1|1|22|21353
chr1|1|23|24068
chr1|1|24|19897
chr1|1|25|21973
chr1|1|26|20173
chr1|1|27|20989
chr1|1|28|18711
chr1|1|29|19369
chr1|1|30|17252
chr1|1|31|22364
chr1|1|32|22971
chr1|1|33|20474
chr1|1|34|20522
chr1|1|35|20990
chr1|1|36|20294
chr1|1|37|20211
chr1|1|38|21635
chr1|1|39|20425
chr1|1|40|20188
chr1|1|41|21477
chr1|1|42|20272
chr1|1|43|19663
chr1|1|44|23579
chr1|1|45|20685
chr1|1|46|20164
chr1|1|47|20518
chr1|1|48|20957
chr1|1|49|19661
chr1|1|50|15815
chr1|1|51|16267
chr1|1|52|17644
chr1|1|53|19040
chr1|1|54|21414
chr1|1|55|20746
chr1|1|56|22996
chr1|1|57|20777
chr1|1|58|21188
chr1|1|59|19936
chr1|1|60|21174
chr1|1|61|19887
chr1|1|62|19722
chr1|1|63|21379
chr1|1|64|20555
chr1|1|65|19945
chr1|1|66|19236
chr1|1|67|19607
chr1|1|68|21375
chr1|1|69|20762
chr1|1|70|18568
chr1|1|71|18275
chr1|1|72|18641
chr1|1|73|18449
chr1|1|74|19351
chr1|1|75|20041
chr1|1|76|19100
chr1|1|77|20414
chr1|1|78|19932
chr1|1|79|18403
chr1|1|80|21697
chr1|1|81|21716
chr1|1|82|22460
chr1|1|83|20690
chr1|1|84|19408
chr1|1|85|19231
chr1|1|86|20302
chr1|1|87|20127
chr1|1|88|19533
chr1|1|89|18603
chr1|1|90|20650
chr1|1|91|18748
chr1|1|92|20102
chr1|1|93|20231
chr1|1|94|18734
chr1|1|95|20909
chr1|1|96|19862
chr1|1|97|18947
chr1|1|98|19303
chr1|1|99|18506
chr1|1|100|20110
chr1|1|101|19830
chr1|1|102|21495
chr1|1|103|22612
chr1|1|104|18562
chr1|1|105|18436
chr1|1|106|24569
chr1|1|107|22527
chr1|1|108|19690
chr1|1|109|16864
chr1|1|110|20537
chr1|1|111|20590
chr1|1|112|20711
chr1|1|113|21093
chr1|1|114|19645
chr1|1|115|19648
chr1|1|116|19300
chr1|1|117|20901
chr1|1|118|20534
chr1|1|119|19199
chr1|1|120|20276
chr1|1|121|15518
chr1|1|122|14563
chr1|1|123|0
chr1|1|124|0
chr1|1|125|0
chr1|1|126|0
chr1|1|127|0
chr1|1|128|0
chr1|1|129|0
chr1|1|130|0
chr1|1|131|0
chr1|1|132|0
chr1|1|133|0
chr1|1|134|0
chr1|1|135|0
chr1|1|136|0
chr1|1|137|0
chr1|1|138|0
chr1|1|139|0
chr1|1|140|0
chr1|1|141|0
chr1|1|142|0
chr1|1|143|19391
chr1|1|144|20852
chr1|1|145|8798
chr1|1|146|14501
chr1|1|147|13847
chr1|1|148|12264
chr1|1|149|7583
chr1|1|150|17572
chr1|1|151|20269
chr1|1|152|20631
chr1|1|153|23552
chr1|1|154|22229
chr1|1|155|20452
chr1|1|156|19605
chr1|1|157|22256
chr1|1|158|22469
chr1|1|159|23943
chr1|1|160|20953
chr1|1|161|23156
chr1|1|162|20950
chr1|1|163|21158
chr1|1|164|20484
chr1|1|165|20254
chr1|1|166|22103
chr1|1|167|20981
chr1|1|168|22230
chr1|1|169|21533
chr1|1|170|21621
chr1|1|171|19868
chr1|1|172|21187
chr1|1|173|18736
chr1|1|174|18147
chr1|1|175|17567
chr1|1|176|22201
chr1|1|177|18375
chr1|1|178|19808
chr1|1|179|18573
chr1|1|180|21551
chr1|1|181|20586
chr1|1|182|20106
chr1|1|183|20369
chr1|1|184|20768
chr1|1|185|19077
chr1|1|186|19585
chr1|1|187|21169
chr1|1|188|20060
chr1|1|189|22201
chr1|1|190|21800
chr1|1|191|19506
chr1|1|192|18837
chr1|1|193|19288
chr1|1|194|20247
chr1|1|195|22038
chr1|1|196|20428
chr1|1|197|21401
chr1|1|198|19189
chr1|1|199|18578
chr1|1|200|19267
chr1|1|201|20542
chr1|1|202|23195
chr1|1|203|19860
chr1|1|204|22836
chr1|1|205|21457
chr1|1|206|19724
chr1|1|207|13321
chr1|1|208|53566
chr1|1|209|20846
chr1|1|210|20999
chr1|1|211|20793
chr1|1|212|20350
chr1|1|213|20733
chr1|1|214|19751
chr1|1|215|21115
chr1|1|216|19367
chr1|1|217|20987
chr1|1|218|21041
chr1|1|219|20644
chr1|1|220|19402
chr1|1|221|20467
chr1|1|222|20232
chr1|1|223|19170
chr1|1|224|20066
chr1|1|225|19428
chr1|1|226|19228
chr1|1|227|20306
chr1|1|228|21563
chr1|1|229|21036
chr1|1|230|21867
chr1|1|231|23204
chr1|1|232|22062
chr1|1|233|22083
chr1|1|234|21662
chr1|1|235|21693
chr1|1|236|20320
chr1|1|237|24727
chr1|1|238|22317
chr1|1|239|22538
chr1|1|240|20633
chr1|1|241|23615
chr1|1|242|22693
chr1|1|243|24903
chr1|1|244|17979
chr1|1|245|21881
chr1|1|246|24250
chr1|1|247|24909
chr1|1|248|24157
chr1|1|249|23984
chr1|1|250|4371
chr2|2|1|24138
chr2|2|2|27229
chr2|2|3|22812
chr2|2|4|23619
chr2|2|5|22440
chr2|2|6|20524
chr2|2|7|23050
chr2|2|8|20918
chr2|2|9|21451
chr2|2|10|21107
chr2|2|11|24270
chr2|2|12|22567
chr2|2|13|21125
chr2|2|14|21929
chr2|2|15|21014
chr2|2|16|21502
chr2|2|17|19832
chr2|2|18|19376
chr2|2|19|21516
chr2|2|20|19718
chr2|2|21|21586
chr2|2|22|19808
chr2|2|23|19800
chr2|2|24|20793
chr2|2|25|18910
chr2|2|26|18707
chr2|2|27|20766
chr2|2|28|21001
chr2|2|29|19358
chr2|2|30|22805
chr2|2|31|22046
chr2|2|32|22217
chr2|2|33|20145
chr2|2|34|24289
chr2|2|35|26170
chr2|2|36|23925
chr2|2|37|24256
chr2|2|38|25996
chr2|2|39|25650
chr2|2|40|21426
chr2|2|41|25236
chr2|2|42|24474
chr2|2|43|23383
chr2|2|44|23841
chr2|2|45|24464
chr2|2|46|22834
chr2|2|47|23499
chr2|2|48|25430
chr2|2|49|22769
chr2|2|50|24156
chr2|2|51|22521
chr2|2|52|23467
chr2|2|53|25190
chr2|2|54|25107
chr2|2|55|22427
chr2|2|56|23937
chr2|2|57|22740
chr2|2|58|23490
chr2|2|59|18598
chr2|2|60|20250
chr2|2|61|21360
chr2|2|62|20373
chr2|2|63|19459
chr2|2|64|15824
chr2|2|65|19514
chr2|2|66|21800
chr2|2|67|19521
chr2|2|68|21033
chr2|2|69|21580
chr2|2|70|20811
chr2|2|71|20892
chr2|2|72|23522
chr2|2|73|17852
chr2|2|74|19620
chr2|2|75|21035
chr2|2|76|21971
chr2|2|77|23148
chr2|2|78|23922
chr2|2|79|20985
chr2|2|80|21843
chr2|2|81|21600
chr2|2|82|20572
chr2|2|83|19696
chr2|2|84|19719
chr2|2|85|19824
chr2|2|86|21248
chr2|2|87|19670
chr2|2|88|11216
chr2|2|89|15440
chr2|2|90|15828
chr2|2|91|8062
chr2|2|92|12449
chr2|2|93|19272
chr2|2|94|0
chr2|2|95|0
chr2|2|96|15097
chr2|2|97|15070
chr2|2|98|17329
chr2|2|99|16518
chr2|2|100|18252
chr2|2|101|19508
chr2|2|102|21968
chr2|2|103|21754
chr2|2|104|19736
chr2|2|105|20161
chr2|2|106|20172
chr2|2|107|22450
chr2|2|108|20554
chr2|2|109|19269
chr2|2|110|21331
chr2|2|111|10371
chr2|2|112|11980
chr2|2|113|16311
chr2|2|114|19568
chr2|2|115|18520
chr2|2|116|19724
chr2|2|117|20538
chr2|2|118|21816
chr2|2|119|21087
chr2|2|120|20760
chr2|2|121|19264
chr2|2|122|22052
chr2|2|123|19355
chr2|2|124|21615
chr2|2|125|22008
chr2|2|126|21183
chr2|2|127|20889
chr2|2|128|46859
chr2|2|129|22475
chr2|2|130|21877
chr2|2|131|21549
chr2|2|132|15927
chr2|2|133|28871
chr2|2|134|27974
chr2|2|135|20346
chr2|2|136|19258
chr2|2|137|18371
chr2|2|138|21835
chr2|2|139|20948
chr2|2|140|20303
chr2|2|141|20806
chr2|2|142|22766
chr2|2|143|21927
chr2|2|144|19363
chr2|2|145|17682
chr2|2|146|16500
chr2|2|147|19344
chr2|2|148|16718
chr2|2|149|17812
chr2|2|150|16856
chr2|2|151|19705
chr2|2|152|19357
chr2|2|153|20430
chr2|2|154|20444
chr2|2|155|19715
chr2|2|156|19294
chr2|2|157|18403
chr2|2|158|17466
chr2|2|159|18422
chr2|2|160|21237
chr2|2|161|20623
chr2|2|162|19005
chr2|2|163|17406
chr2|2|164|19627
chr2|2|165|18398
chr2|2|166|18130
chr2|2|167|19730
chr2|2|168|22112
chr2|2|169|21084
chr2|2|170|21309
chr2|2|171|21861
chr2|2|172|21349
chr2|2|173|20220
chr2|2|174|21162
chr2|2|175|20362
chr2|2|176|18887
chr2|2|177|19659
chr2|2|178|20383
chr2|2|179|20119
chr2|2|180|23200
chr2|2|181|20258
chr2|2|182|20243
chr2|2|183|19515
chr2|2|184|19460
chr2|2|185|20745
chr2|2|186|18950
chr2|2|187|18484
chr2|2|188|19395
chr2|2|189|18955
chr2|2|190|18643
chr2|2|191|18725
chr2|2|192|19531
chr2|2|193|19945
chr2|2|194|17543
chr2|2|195|17834
chr2|2|196|19385
chr2|2|197|19939
chr2|2|198|18979
chr2|2|199|18129
chr2|2|200|18707
chr2|2|201|16536
chr2|2|202|18163
chr2|2|203|19139
chr2|2|204|17058
chr2|2|205|18877
chr2|2|206|19885
chr2|2|207|20570
chr2|2|208|20085
chr2|2|209|19512
chr2|2|210|20975
chr2|2|211|18619
chr2|2|212|19980
chr2|2|213|22162
chr2|2|214|20023
chr2|2|215|20283
chr2|2|216|20496
chr2|2|217|21732
chr2|2|218|21844
chr2|2|219|20694
chr2|2|220|21210
chr2|2|221|23441
chr2|2|222|21108
chr2|2|223|20779
chr2|2|224|20820
chr2|2|225|21387
chr2|2|226|20455
chr2|2|227|19649
chr2|2|228|20672
chr2|2|229|23450
chr2|2|230|20478
chr2|2|231|21114
chr2|2|232|22630
chr2|2|233|21241
chr2|2|234|22701
chr2|2|235|23270
chr2|2|236|23858
chr2|2|237|24032
chr2|2|238|22837
chr2|2|239|23969
chr2|2|240|22788
chr2|2|241|23991
chr2|2|242|25071
chr2|2|243|25992
chr2|2|244|1828
chr3|3|1|26161
chr3|3|2|29655
chr3|3|3|25898
chr3|3|4|27203
chr3|3|5|25448
chr3|3|6|27540
chr3|3|7|25075
chr3|3|8|24515
chr3|3|9|23584
chr3|3|10|22747
chr3|3|11|23017
chr3|3|12|22468
chr3|3|13|22014
chr3|3|14|22808
chr3|3|15|22092
chr3|3|16|21673
chr3|3|17|21498
chr3|3|18|18250
chr3|3|19|18989
chr3|3|20|19202
chr3|3|21|21482
chr3|3|22|25319
chr3|3|23|26097
chr3|3|24|21537
chr3|3|25|22228
chr3|3|26|23645
chr3|3|27|22226
chr3|3|28|21581
chr3|3|29|19438
chr3|3|30|21620
chr3|3|31|22218
chr3|3|32|21190
chr3|3|33|22481
chr3|3|34|19698
chr3|3|35|20603
chr3|3|36|18749
chr3|3|37|20459
chr3|3|38|20607
chr3|3|39|22619
chr3|3|40|20690
chr3|3|41|18820
chr3|3|42|21453
chr3|3|43|20864
chr3|3|44|18754
chr3|3|45|18642
chr3|3|46|21265
chr3|3|47|20873
chr3|3|48|18029
chr3|3|49|18782
chr3|3|50|19675
chr3|3|51|17519
chr3|3|52|17185
chr3|3|53|21802
chr3|3|54|20569
chr3|3|55|22235
chr3|3|56|21357
chr3|3|57|20701
chr3|3|58|20420
chr3|3|59|20813
chr3|3|60|22456
chr3|3|61|26826
chr3|3|62|22764
chr3|3|63|22076
chr3|3|64|22189
chr3|3|65|22542
chr3|3|66|23289
chr3|3|67|21336
chr3|3|68|21802
chr3|3|69|21604
chr3|3|70|22151
chr3|3|71|19111
chr3|3|72|19870
chr3|3|73|21098
chr3|3|74|22731
chr3|3|75|21105
chr3|3|76|39139
chr3|3|77|21045
chr3|3|78|21112
chr3|3|79|19722
chr3|3|80|19663
chr3|3|81|20260
chr3|3|82|19330
chr3|3|83|20043
chr3|3|84|19585
chr3|3|85|20965
chr3|3|86|19783
chr3|3|87|20733
chr3|3|88|20890
chr3|3|89|21253
chr3|3|90|20469
chr3|3|91|18354
chr3|3|92|0
chr3|3|93|0
chr3|3|94|9024
chr3|3|95|22172
chr3|3|96|22590
chr3|3|97|20588
chr3|3|98|21522
chr3|3|99|22667
chr3|3|100|19329
chr3|3|101|20736
chr3|3|102|19263
chr3|3|103|21195
chr3|3|104|21878
chr3|3|105|21321
chr3|3|106|20848
chr3|3|107|20972
chr3|3|108|18919
chr3|3|109|20532
chr3|3|110|20396
chr3|3|111|19267
chr3|3|112|21142
chr3|3|113|21182
chr3|3|114|20199
chr3|3|115|16210
chr3|3|116|19476
chr3|3|117|21197
chr3|3|118|20812
chr3|3|119|20185
chr3|3|120|20776
chr3|3|121|20247
chr3|3|122|19842
chr3|3|123|21082
chr3|3|124|20159
chr3|3|125|21656
chr3|3|126|25466
chr3|3|127|20787
chr3|3|128|20042
chr3|3|129|21091
chr3|3|130|23834
chr3|3|131|19893
chr3|3|132|21289
chr3|3|133|20925
chr3|3|134|21498
chr3|3|135|20594
chr3|3|136|19137
chr3|3|137|18678
chr3|3|138|18887
chr3|3|139|19230
chr3|3|140|19304
chr3|3|141|21103
chr3|3|142|20258
chr3|3|143|20226
chr3|3|144|20706
chr3|3|145|20704
chr3|3|146|22509
chr3|3|147|20381
chr3|3|148|19286
chr3|3|149|21077
chr3|3|150|20451
chr3|3|151|19277
chr3|3|152|21115
chr3|3|153|19708
chr3|3|154|21025
chr3|3|155|19945
chr3|3|156|20115
chr3|3|157|18987
chr3|3|158|20141
chr3|3|159|19660
chr3|3|160|21097
chr3|3|161|18778
chr3|3|162|20672
chr3|3|163|21098
chr3|3|164|20202
chr3|3|165|20378
chr3|3|166|20507
chr3|3|167|20540
chr3|3|168|20390
chr3|3|169|18666
chr3|3|170|20270
chr3|3|171|20123
chr3|3|172|20869
chr3|3|173|20455
chr3|3|174|19721
chr3|3|175|21584
chr3|3|176|21901
chr3|3|177|21703
chr3|3|178|19780
chr3|3|179|19841
chr3|3|180|20217
chr3|3|181|17712
chr3|3|182|17881
chr3|3|183|18943
chr3|3|184|23420
chr3|3|185|21858
chr3|3|186|19735
chr3|3|187|23514
chr3|3|188|22044
chr3|3|189|20485
chr3|3|190|22796
chr3|3|191|22991
chr3|3|192|22596
chr3|3|193|22363
chr3|3|194|22960
chr3|3|195|25451
chr3|3|196|29656
chr3|3|197|24040
chr3|3|198|22763
chr3|3|199|0
chr4|4|1|25072
chr4|4|2|24790
chr4|4|3|23217
chr4|4|4|30283
chr4|4|5|27716
chr4|4|6|27461
chr4|4|7|25747
chr4|4|8|29302
chr4|4|9|27407
chr4|4|10|32766
chr4|4|11|27226
chr4|4|12|24578
chr4|4|13|24163
chr4|4|14|21297
chr4|4|15|23771
chr4|4|16|20409
chr4|4|17|20605
chr4|4|18|21468
chr4|4|19|20601
chr4|4|20|20515
chr4|4|21|21446
chr4|4|22|23067
chr4|4|23|21821
chr4|4|24|20875
chr4|4|25|21303
chr4|4|26|22266
chr4|4|27|19702
chr4|4|28|22070
chr4|4|29|21831
chr4|4|30|21745
chr4|4|31|21808
chr4|4|32|21914
chr4|4|33|22847
chr4|4|34|20853
chr4|4|35|20728
chr4|4|36|23709
chr4|4|37|21227
chr4|4|38|22531
chr4|4|39|23068
chr4|4|40|20820
chr4|4|41|22636
chr4|4|42|20034
chr4|4|43|21464
chr4|4|44|23080
chr4|4|45|20772
chr4|4|46|21892
chr4|4|47|19990
chr4|4|48|19649
chr4|4|49|18348
chr4|4|50|37370
chr4|4|51|0
chr4|4|52|0
chr4|4|53|6483
chr4|4|54|21328
chr4|4|55|20561
chr4|4|56|21731
chr4|4|57|21099
chr4|4|58|22519
chr4|4|59|24509
chr4|4|60|22400
chr4|4|61|24837
chr4|4|62|22849
chr4|4|63|19433
chr4|4|64|24166
chr4|4|65|24445
chr4|4|66|23215
chr4|4|67|22408
chr4|4|68|20559
chr4|4|69|21748
chr4|4|70|23094
chr4|4|71|25527
chr4|4|72|22067
chr4|4|73|20958
chr4|4|74|21320
chr4|4|75|20546
chr4|4|76|18297
chr4|4|77|23155
chr4|4|78|20713
chr4|4|79|20831
chr4|4|80|20844
chr4|4|81|18336
chr4|4|82|20155
chr4|4|83|19306
chr4|4|84|20365
chr4|4|85|21044
chr4|4|86|18816
chr4|4|87|20933
chr4|4|88|18499
chr4|4|89|21471
chr4|4|90|19162
chr4|4|91|20390
chr4|4|92|19507
chr4|4|93|20628
chr4|4|94|19321
chr4|4|95|19353
chr4|4|96|20722
chr4|4|97|21235
chr4|4|98|18771
chr4|4|99|19285
chr4|4|100|18735
chr4|4|101|19030
chr4|4|102|19557
chr4|4|103|19861
chr4|4|104|19793
chr4|4|105|20658
chr4|4|106|17816
chr4|4|107|19431
chr4|4|108|18227
chr4|4|109|19011
chr4|4|110|20091
chr4|4|111|20688
chr4|4|112|20118
chr4|4|113|18891
chr4|4|114|18805
chr4|4|115|20015
chr4|4|116|20691
chr4|4|117|20675
chr4|4|118|20646
chr4|4|119|21107
chr4|4|120|19064
chr4|4|121|20587
chr4|4|122|20769
chr4|4|123|20985
chr4|4|124|20292
chr4|4|125|19981
chr4|4|126|19805
chr4|4|127|20468
chr4|4|128|19965
chr4|4|129|17643
chr4|4|130|18780
chr4|4|131|20761
chr4|4|132|20818
chr4|4|133|23795
chr4|4|134|20577
chr4|4|135|19008
chr4|4|136|21008
chr4|4|137|21196
chr4|4|138|20689
chr4|4|139|21098
chr4|4|140|20519
chr4|4|141|19326
chr4|4|142|19025
chr4|4|143|20863
chr4|4|144|19964
chr4|4|145|21910
chr4|4|146|18967
chr4|4|147|19649
chr4|4|148|18597
chr4|4|149|19790
chr4|4|150|19315
chr4|4|151|17834
chr4|4|152|17865
chr4|4|153|19279
chr4|4|154|18850
chr4|4|155|21471
chr4|4|156|20161
chr4|4|157|21563
chr4|4|158|20599
chr4|4|159|19355
chr4|4|160|18849
chr4|4|161|21155
chr4|4|162|21807
chr4|4|163|21920
chr4|4|164|23168
chr4|4|165|20445
chr4|4|166|22714
chr4|4|167|21387
chr4|4|168|21275
chr4|4|169|20680
chr4|4|170|20923
chr4|4|171|19640
chr4|4|172|21150
chr4|4|173|21138
chr4|4|174|19476
chr4|4|175|20090
chr4|4|176|20873
chr4|4|177|21019
chr4|4|178|21733
chr4|4|179|21183
chr4|4|180|23954
chr4|4|181|23138
chr4|4|182|22231
chr4|4|183|23583
chr4|4|184|22243
chr4|4|185|23429
chr4|4|186|24147
chr4|4|187|23584
chr4|4|188|26169
chr4|4|189|22169
chr4|4|190|27833
chr4|4|191|41937
chr4|4|192|506
chr5|5|1|28428
chr5|5|2|30014
chr5|5|3|26037
chr5|5|4|26188
chr5|5|5|22540
chr5|5|6|24862
chr5|5|7|22940
chr5|5|8|21725
chr5|5|9|23345
chr5|5|10|22056
chr5|5|11|22867
chr5|5|12|21322
chr5|5|13|20899
chr5|5|14|22853
chr5|5|15|21764
chr5|5|16|20070
chr5|5|17|22359
chr5|5|18|21144
chr5|5|19|21867
chr5|5|20|20646
chr5|5|21|19619
chr5|5|22|20064
chr5|5|23|19952
chr5|5|24|22418
chr5|5|25|21699
chr5|5|26|21089
chr5|5|27|22618
chr5|5|28|21116
chr5|5|29|20201
chr5|5|30|24319
chr5|5|31|21516
chr5|5|32|22018
chr5|5|33|22075
chr5|5|34|21996
chr5|5|35|20531
chr5|5|36|21335
chr5|5|37|19926
chr5|5|38|19972
chr5|5|39|21918
chr5|5|40|22005
chr5|5|41|22045
chr5|5|42|20885
chr5|5|43|21427
chr5|5|44|22099
chr5|5|45|19772
chr5|5|46|21944
chr5|5|47|19799
chr5|5|48|0
chr5|5|49|0
chr5|5|50|21451
chr5|5|51|19635
chr5|5|52|20882
chr5|5|53|21515
chr5|5|54|20892
chr5|5|55|20824
chr5|5|56|21312
chr5|5|57|19721
chr5|5|58|21037
chr5|5|59|19914
chr5|5|60|18078
chr5|5|61|18028
chr5|5|62|19227
chr5|5|63|20841
chr5|5|64|18336
chr5|5|65|18347
chr5|5|66|20239
chr5|5|67|20456
chr5|5|68|20462
chr5|5|69|16786
chr5|5|70|1128
chr5|5|71|7524
chr5|5|72|19411
chr5|5|73|19376
chr5|5|74|21740
chr5|5|75|20112
chr5|5|76|22369
chr5|5|77|20430
chr5|5|78|20114
chr5|5|79|20897
chr5|5|80|22426
chr5|5|81|19470
chr5|5|82|18202
chr5|5|83|21013
chr5|5|84|18377
chr5|5|85|21826
chr5|5|86|21077
chr5|5|87|18158
chr5|5|88|16748
chr5|5|89|16608
chr5|5|90|17813
chr5|5|91|18765
chr5|5|92|17064
chr5|5|93|16499
chr5|5|94|15063
chr5|5|95|18786
chr5|5|96|19122
chr5|5|97|21863
chr5|5|98|21547
chr5|5|99|20107
chr5|5|100|21168
chr5|5|101|20033
chr5|5|102|21264
chr5|5|103|19564
chr5|5|104|20974
chr5|5|105|21472
chr5|5|106|19119
chr5|5|107|21031
chr5|5|108|21258
chr5|5|109|21432
chr5|5|110|23223
chr5|5|111|22201
chr5|5|112|22437
chr5|5|113|24655
chr5|5|114|22649
chr5|5|115|23475
chr5|5|116|25609
chr5|5|117|23754
chr5|5|118|24736
chr5|5|119|22271
chr5|5|120|22511
chr5|5|121|23289
chr5|5|122|21305
chr5|5|123|20550
chr5|5|124|22166
chr5|5|125|21638
chr5|5|126|22843
chr5|5|127|21181
chr5|5|128|19336
chr5|5|129|21224
chr5|5|130|19188
chr5|5|131|18644
chr5|5|132|19356
chr5|5|133|20073
chr5|5|134|19554
chr5|5|135|19033
chr5|5|136|20417
chr5|5|137|18750
chr5|5|138|18072
chr5|5|139|16588
chr5|5|140|16932
chr5|5|141|23984
chr5|5|142|21824
chr5|5|143|20092
chr5|5|144|20662
chr5|5|145|21037
chr5|5|146|21087
chr5|5|147|20568
chr5|5|148|21086
chr5|5|149|20620
chr5|5|150|22614
chr5|5|151|22776
chr5|5|152|20404
chr5|5|153|19902
chr5|5|154|19934
chr5|5|155|20501
chr5|5|156|19920
chr5|5|157|22243
chr5|5|158|21528
chr5|5|159|19108
chr5|5|160|21438
chr5|5|161|21565
chr5|5|162|21160
chr5|5|163|20900
chr5|5|164|19927
chr5|5|165|20481
chr5|5|166|20909
chr5|5|167|20346
chr5|5|168|21073
chr5|5|169|21454
chr5|5|170|21583
chr5|5|171|20892
chr5|5|172|21504
chr5|5|173|21346
chr5|5|174|22515
chr5|5|175|22680
chr5|5|176|18343
chr5|5|177|22157
chr5|5|178|20782
chr5|5|179|25919
chr5|5|180|23614
chr5|5|181|18333
chr6|6|1|21442
chr6|6|2|22899
chr6|6|3|22688
chr6|6|4|24605
chr6|6|5|23272
chr6|6|6|22434
chr6|6|7|24010
chr6|6|8|22802
chr6|6|9|22431
chr6|6|10|20865
chr6|6|11|61392
chr6|6|12|21517
chr6|6|13|21011
chr6|6|14|22994
chr6|6|15|20695
chr6|6|16|21289
chr6|6|17|21304
chr6|6|18|21379
chr6|6|19|22544
chr6|6|20|21474
chr6|6|21|23081
chr6|6|22|21048
chr6|6|23|21703
chr6|6|24|25224
chr6|6|25|23951
chr6|6|26|22662
chr6|6|27|20407
chr6|6|28|20224
chr6|6|29|20073
chr6|6|30|29376
chr6|6|31|24372
chr6|6|32|33004
chr6|6|33|53082
chr6|6|34|26264
chr6|6|35|21916
chr6|6|36|21515
chr6|6|37|23035
chr6|6|38|21629
chr6|6|39|21002
chr6|6|40|21803
chr6|6|41|22106
chr6|6|42|21696
chr6|6|43|22074
chr6|6|44|22362
chr6|6|45|21667
chr6|6|46|20830
chr6|6|47|21056
chr6|6|48|21684
chr6|6|49|21449
chr6|6|50|20432
chr6|6|51|20258
chr6|6|52|20472
chr6|6|53|22013
chr6|6|54|21125
chr6|6|55|22082
chr6|6|56|21379
chr6|6|57|19352
chr6|6|58|30696
chr6|6|59|18787
chr6|6|60|0
chr6|6|61|0
chr6|6|62|5822
chr6|6|63|22092
chr6|6|64|22111
chr6|6|65|19525
chr6|6|66|21583
chr6|6|67|23307
chr6|6|68|25129
chr6|6|69|22097
chr6|6|70|20727
chr6|6|71|20812
chr6|6|72|20258
chr6|6|73|20241
chr6|6|74|19092
chr6|6|75|22516
chr6|6|76|20998
chr6|6|77|20553
chr6|6|78|22511
chr6|6|79|21086
chr6|6|80|21927
chr6|6|81|20717
chr6|6|82|23583
chr6|6|83|21033
chr6|6|84|20008
chr6|6|85|18990
chr6|6|86|20910
chr6|6|87|22116
chr6|6|88|23164
chr6|6|89|20866
chr6|6|90|20690
chr6|6|91|19607
chr6|6|92|19678
chr6|6|93|20837
chr6|6|94|21628
chr6|6|95|20208
chr6|6|96|19134
chr6|6|97|20533
chr6|6|98|18525
chr6|6|99|17560
chr6|6|100|19041
chr6|6|101|19568
chr6|6|102|19866
chr6|6|103|21218
chr6|6|104|20600
chr6|6|105|20785
chr6|6|106|18882
chr6|6|107|20336
chr6|6|108|21117
chr6|6|109|18878
chr6|6|110|20194
chr6|6|111|20149
chr6|6|112|19026
chr6|6|113|19712
chr6|6|114|20311
chr6|6|115|18173
chr6|6|116|20870
chr6|6|117|19123
chr6|6|118|19863
chr6|6|119|19695
chr6|6|120|19764
chr6|6|121|20940
chr6|6|122|20385
chr6|6|123|18941
chr6|6|124|21010
chr6|6|125|20191
chr6|6|126|19766
chr6|6|127|16317
chr6|6|128|17987
chr6|6|129|18909
chr6|6|130|20735
chr6|6|131|21873
chr6|6|132|20980
chr6|6|133|22056
chr6|6|134|21963
chr6|6|135|20619
chr6|6|136|20108
chr6|6|137|19073
chr6|6|138|21580
chr6|6|139|22143
chr6|6|140|21761
chr6|6|141|17566
chr6|6|142|19664
chr6|6|143|20064
chr6|6|144|19859
chr6|6|145|20151
chr6|6|146|20455
chr6|6|147|18597
chr6|6|148|19832
chr6|6|149|22352
chr6|6|150|21109
chr6|6|151|23661
chr6|6|152|23671
chr6|6|153|21970
chr6|6|154|21272
chr6|6|155|23330
chr6|6|156|21699
chr6|6|157|21721
chr6|6|158|18471
chr6|6|159|22897
chr6|6|160|24049
chr6|6|161|24055
chr6|6|162|23728
chr6|6|163|24008
chr6|6|164|20991
chr6|6|165|22274
chr6|6|166|23018
chr6|6|167|24267
chr6|6|168|23824
chr6|6|169|25587
chr6|6|170|26647
chr6|6|171|23987
chr6|6|172|499
chr7|7|1|28029
chr7|7|2|28695
chr7|7|3|27717
chr7|7|4|30482
chr7|7|5|29759
chr7|7|6|27958
chr7|7|7|27078
chr7|7|8|26234
chr7|7|9|25354
chr7|7|10|25241
chr7|7|11|23882
chr7|7|12|23798
chr7|7|13|25795
chr7|7|14|24987
chr7|7|15|24105
chr7|7|16|25261
chr7|7|17|23946
chr7|7|18|22697
chr7|7|19|21092
chr7|7|20|25691
chr7|7|21|23858
chr7|7|22|25241
chr7|7|23|21890
chr7|7|24|22035
chr7|7|25|21972
chr7|7|26|21606
chr7|7|27|19643
chr7|7|28|20699
chr7|7|29|21360
chr7|7|30|21015
chr7|7|31|20136
chr7|7|32|21434
chr7|7|33|22446
chr7|7|34|20349
chr7|7|35|19992
chr7|7|36|20522
chr7|7|37|21831
chr7|7|38|20898
chr7|7|39|22391
chr7|7|40|19158
chr7|7|41|18913
chr7|7|42|21127
chr7|7|43|20945
chr7|7|44|20020
chr7|7|45|20543
chr7|7|46|21287
chr7|7|47|21433
chr7|7|48|22656
chr7|7|49|21478
chr7|7|50|21661
chr7|7|51|20063
chr7|7|52|21347
chr7|7|53|24476
chr7|7|54|23826
chr7|7|55|22791
chr7|7|56|21684
chr7|7|57|21756
chr7|7|58|35268
chr7|7|59|4620
chr7|7|60|0
chr7|7|61|0
chr7|7|62|34394
chr7|7|63|27134
chr7|7|64|19404
chr7|7|65|22699
chr7|7|66|19008
chr7|7|67|22007
chr7|7|68|25863
chr7|7|69|23525
chr7|7|70|16114
chr7|7|71|22693
chr7|7|72|24236
chr7|7|73|15330
chr7|7|74|20858
chr7|7|75|5031
chr7|7|76|21526
chr7|7|77|18288
chr7|7|78|20617
chr7|7|79|22013
chr7|7|80|20591
chr7|7|81|22042
chr7|7|82|19732
chr7|7|83|20786
chr7|7|84|21035
chr7|7|85|19269
chr7|7|86|20625
chr7|7|87|18964
chr7|7|88|18583
chr7|7|89|20674
chr7|7|90|22272
chr7|7|91|19945
chr7|7|92|18741
chr7|7|93|17509
chr7|7|94|18781
chr7|7|95|18226
chr7|7|96|19293
chr7|7|97|18817
chr7|7|98|22720
chr7|7|99|22400
chr7|7|100|20275
chr7|7|101|25112
chr7|7|102|21605
chr7|7|103|16761
chr7|7|104|23051
chr7|7|105|21056
chr7|7|106|21043
chr7|7|107|19501
chr7|7|108|22023
chr7|7|109|20567
chr7|7|110|21756
chr7|7|111|19166
chr7|7|112|19049
chr7|7|113|17754
chr7|7|114|17851
chr7|7|115|18046
chr7|7|116|19145
chr7|7|117|17643
chr7|7|118|18001
chr7|7|119|19006
chr7|7|120|18320
chr7|7|121|18211
chr7|7|122|19216
chr7|7|123|19342
chr7|7|124|18470
chr7|7|125|19656
chr7|7|126|21859
chr7|7|127|19899
chr7|7|128|18714
chr7|7|129|20933
chr7|7|130|19726
chr7|7|131|17991
chr7|7|132|21592
chr7|7|133|19331
chr7|7|134|18700
chr7|7|135|20785
chr7|7|136|21175
chr7|7|137|19892
chr7|7|138|21077
chr7|7|139|22844
chr7|7|140|20644
chr7|7|141|19986
chr7|7|142|21529
chr7|7|143|22271
chr7|7|144|13593
chr7|7|145|19874
chr7|7|146|20495
chr7|7|147|22800
chr7|7|148|24313
chr7|7|149|23019
chr7|7|150|23383
chr7|7|151|25012
chr7|7|152|24582
chr7|7|153|24945
chr7|7|154|22972
chr7|7|155|22570
chr7|7|156|25880
chr7|7|157|23418
chr7|7|158|29602
chr7|7|159|28853
chr7|7|160|3720
chr8|8|1|28205
chr8|8|2|36805
chr8|8|3|34476
chr8|8|4|49631
chr8|8|5|45637
chr8|8|6|40912
chr8|8|7|36807
chr8|8|8|9533
chr8|8|9|29593
chr8|8|10|28089
chr8|8|11|29449
chr8|8|12|29127
chr8|8|13|25394
chr8|8|14|33975
chr8|8|15|29986
chr8|8|16|31879
chr8|8|17|28017
chr8|8|18|31828
chr8|8|19|28429
chr8|8|20|27700
chr8|8|21|25531
chr8|8|22|24040
chr8|8|23|23911
chr8|8|24|23725
chr8|8|25|21990
chr8|8|26|22116
chr8|8|27|22758
chr8|8|28|23206
chr8|8|29|20137
chr8|8|30|21903
chr8|8|31|21170
chr8|8|32|20436
chr8|8|33|20043
chr8|8|34|20508
chr8|8|35|20765
chr8|8|36|18148
chr8|8|37|19892
chr8|8|38|21303
chr8|8|39|19225
chr8|8|40|21137
chr8|8|41|23024
chr8|8|42|21598
chr8|8|43|20157
chr8|8|44|28434
chr8|8|45|0
chr8|8|46|0
chr8|8|47|8077
chr8|8|48|22868
chr8|8|49|16965
chr8|8|50|18398
chr8|8|51|21195
chr8|8|52|21885
chr8|8|53|21494
chr8|8|54|20146
chr8|8|55|20935
chr8|8|56|20275
chr8|8|57|21443
chr8|8|58|21146
chr8|8|59|22603
chr8|8|60|20365
chr8|8|61|19656
chr8|8|62|20080
chr8|8|63|21331
chr8|8|64|21633
chr8|8|65|18193
chr8|8|66|18302
chr8|8|67|19863
chr8|8|68|18471
chr8|8|69|19986
chr8|8|70|20339
chr8|8|71|21402
chr8|8|72|19337
chr8|8|73|20285
chr8|8|74|20362
chr8|8|75|20110
chr8|8|76|19968
chr8|8|77|20162
chr8|8|78|19577
chr8|8|79|20315
chr8|8|80|18771
chr8|8|81|18394
chr8|8|82|19400
chr8|8|83|20910
chr8|8|84|20496
chr8|8|85|23006
chr8|8|86|20005
chr8|8|87|15278
chr8|8|88|22072
chr8|8|89|21378
chr8|8|90|19766
chr8|8|91|21225
chr8|8|92|19423
chr8|8|93|17884
chr8|8|94|17587
chr8|8|95|18541
chr8|8|96|20715
chr8|8|97|20714
chr8|8|98|19161
chr8|8|99|20198
chr8|8|100|18121
chr8|8|101|16912
chr8|8|102|20449
chr8|8|103|20719
chr8|8|104|20382
chr8|8|105|20699
chr8|8|106|20195
chr8|8|107|18973
chr8|8|108|19239
chr8|8|109|20188
chr8|8|110|19624
chr8|8|111|19218
chr8|8|112|18361
chr8|8|113|18732
chr8|8|114|19062
chr8|8|115|19584
chr8|8|116|20131
chr8|8|117|18662
chr8|8|118|19120
chr8|8|119|19950
chr8|8|120|21191
chr8|8|121|20898
chr8|8|122|19937
chr8|8|123|20863
chr8|8|124|20891
chr8|8|125|20998
chr8|8|126|21570
chr8|8|127|21082
chr8|8|128|22172
chr8|8|129|22746
chr8|8|130|22419
chr8|8|131|20558
chr8|8|132|21920
chr8|8|133|22358
chr8|8|134|21191
chr8|8|135|23678
chr8|8|136|23013
chr8|8|137|21911
chr8|8|138|21922
chr8|8|139|22292
chr8|8|140|23605
chr8|8|141|23759
chr8|8|142|21115
chr8|8|143|22598
chr8|8|144|25781
chr8|8|145|28204
chr8|8|146|20242
chr8|8|147|8284
chr9|9|1|28707
chr9|9|2|31154
chr9|9|3|27604
chr9|9|4|24963
chr9|9|5|30001
chr9|9|6|25359
chr9|9|7|25949
chr9|9|8|27589
chr9|9|9|28616
chr9|9|10|27682
chr9|9|11|27181
chr9|9|12|28770
chr9|9|13|25959
chr9|9|14|24353
chr9|9|15|24199
chr9|9|16|26128
chr9|9|17|26477
chr9|9|18|26848
chr9|9|19|25797
chr9|9|20|25685
chr9|9|21|23156
chr9|9|22|25069
chr9|9|23|24747
chr9|9|24|24176
chr9|9|25|23988
chr9|9|26|24794
chr9|9|27|22294
chr9|9|28|23744
chr9|9|29|23184
chr9|9|30|22233
chr9|9|31|21356
chr9|9|32|22842
chr9|9|33|22121
chr9|9|34|21966
chr9|9|35|19259
chr9|9|36|19860
chr9|9|37|20934
chr9|9|38|20028
chr9|9|39|17970
chr9|9|40|4833
chr9|9|41|4862
chr9|9|42|2495
chr9|9|43|4702
chr9|9|44|7291
chr9|9|45|13798
chr9|9|46|7463
chr9|9|47|3761
chr9|9|48|1254
chr9|9|49|0
chr9|9|50|0
chr9|9|51|0
chr9|9|52|0
chr9|9|53|0
chr9|9|54|0
chr9|9|55|0
chr9|9|56|0
chr9|9|57|0
chr9|9|58|0
chr9|9|59|0
chr9|9|60|0
chr9|9|61|0
chr9|9|62|0
chr9|9|63|0
chr9|9|64|0
chr9|9|65|0
chr9|9|66|1348
chr9|9|67|16256
chr9|9|68|6461
chr9|9|69|23712
chr9|9|70|17967
chr9|9|71|6277
chr9|9|72|20419
chr9|9|73|19839
chr9|9|74|20317
chr9|9|75|20232
chr9|9|76|19131
chr9|9|77|19181
chr9|9|78|20361
chr9|9|79|21617
chr9|9|80|21951
chr9|9|81|20561
chr9|9|82|21314
chr9|9|83|20308
chr9|9|84|22197
chr9|9|85|18430
chr9|9|86|19254
chr9|9|87|20730
chr9|9|88|21789
chr9|9|89|20175
chr9|9|90|21194
chr9|9|91|23440
chr9|9|92|21611
chr9|9|93|17812
chr9|9|94|21823
chr9|9|95|20751
chr9|9|96|19399
chr9|9|97|20619
chr9|9|98|19922
chr9|9|99|20457
chr9|9|100|19314
chr9|9|101|20244
chr9|9|102|21617
chr9|9|103|16128
chr9|9|104|19485
chr9|9|105|21773
chr9|9|106|23132
chr9|9|107|21935
chr9|9|108|22928
chr9|9|109|20369
chr9|9|110|19149
chr9|9|111|22509
chr9|9|112|22941
chr9|9|113|21451
chr9|9|114|22281
chr9|9|115|21448
chr9|9|116|20844
chr9|9|117|20950
chr9|9|118|22492
chr9|9|119|19735
chr9|9|120|21586
chr9|9|121|20440
chr9|9|122|20390
chr9|9|123|19812
chr9|9|124|19040
chr9|9|125|20414
chr9|9|126|20480
chr9|9|127|20177
chr9|9|128|19909
chr9|9|129|19897
chr9|9|130|19468
chr9|9|131|22212
chr9|9|132|23186
chr9|9|133|25590
chr9|9|134|20014
chr9|9|135|21578
chr9|9|136|23924
chr9|9|137|27586
chr9|9|138|25204
chr9|9|139|26463
chr9|9|140|27341
chr9|9|141|25334
chr9|9|142|3891
chr10|10|1|24661
chr10|10|2|27718
chr10|10|3|27058
chr10|10|4|27185
chr10|10|5|24443
chr10|10|6|26120
chr10|10|7|25464
chr10|10|8|24388
chr10|10|9|23914
chr10|10|10|19722
chr10|10|11|22777
chr10|10|12|22983
chr10|10|13|25255
chr10|10|14|25411
chr10|10|15|24563
chr10|10|16|24612
chr10|10|17|25037
chr10|10|18|19606
chr10|10|19|19961
chr10|10|20|24595
chr10|10|21|23495
chr10|10|22|21027
chr10|10|23|19071
chr10|10|24|20972
chr10|10|25|22151
chr10|10|26|21928
chr10|10|27|24318
chr10|10|28|23067
chr10|10|29|21071
chr10|10|30|24419
chr10|10|31|24602
chr10|10|32|20511
chr10|10|33|21671
chr10|10|34|21096
chr10|10|35|21257
chr10|10|36|20014
chr10|10|37|21171
chr10|10|38|21053
chr10|10|39|26653
chr10|10|40|12734
chr10|10|41|0
chr10|10|42|0
chr10|10|43|39190
chr10|10|44|22547
chr10|10|45|22701
chr10|10|46|22057
chr10|10|47|7221
chr10|10|48|9313
chr10|10|49|8852
chr10|10|50|14279
chr10|10|51|23313
chr10|10|52|8376
chr10|10|53|19645
chr10|10|54|21684
chr10|10|55|21978
chr10|10|56|23541
chr10|10|57|22175
chr10|10|58|20946
chr10|10|59|22441
chr10|10|60|21645
chr10|10|61|19006
chr10|10|62|21351
chr10|10|63|20771
chr10|10|64|20099
chr10|10|65|20429
chr10|10|66|19505
chr10|10|67|21158
chr10|10|68|22035
chr10|10|69|22325
chr10|10|70|19841
chr10|10|71|22317
chr10|10|72|23056
chr10|10|73|23217
chr10|10|74|23357
chr10|10|75|18748
chr10|10|76|19373
chr10|10|77|17838
chr10|10|78|18160
chr10|10|79|20282
chr10|10|80|21162
chr10|10|81|21294
chr10|10|82|21727
chr10|10|83|20889
chr10|10|84|21666
chr10|10|85|20334
chr10|10|86|22497
chr10|10|87|20991
chr10|10|88|20591
chr10|10|89|19891
chr10|10|90|16783
chr10|10|91|19618
chr10|10|92|21042
chr10|10|93|20018
chr10|10|94|18279
chr10|10|95|19633
chr10|10|96|21399
chr10|10|97|21321
chr10|10|98|18992
chr10|10|99|20547
chr10|10|100|21115
chr10|10|101|19887
chr10|10|102|19987
chr10|10|103|20517
chr10|10|104|16894
chr10|10|105|18638
chr10|10|106|19730
chr10|10|107|19822
chr10|10|108|20219
chr10|10|109|21944
chr10|10|110|22313
chr10|10|111|23809
chr10|10|112|21346
chr10|10|113|21013
chr10|10|114|22841
chr10|10|115|20966
chr10|10|116|22081
chr10|10|117|20316
chr10|10|118|20817
chr10|10|119|19794
chr10|10|120|19704
chr10|10|121|21241
chr10|10|122|21882
chr10|10|123|22083
chr10|10|124|23060
chr10|10|125|21126
chr10|10|126|21405
chr10|10|127|22838
chr10|10|128|24943
chr10|10|129|19038
chr10|10|130|24559
chr10|10|131|23426
chr10|10|132|21885
chr10|10|133|25560
chr10|10|134|23900
chr10|10|135|27931
chr10|10|136|15394
chr11|11|1|25516
chr11|11|2|27273
chr11|11|3|24262
chr11|11|4|25477
chr11|11|5|27477
chr11|11|6|28840
chr11|11|7|24476
chr11|11|8|24163
chr11|11|9|22145
chr11|11|10|21628
chr11|11|11|21126
chr11|11|12|22789
chr11|11|13|22082
chr11|11|14|20834
chr11|11|15|16955
chr11|11|16|19534
chr11|11|17|17189
chr11|11|18|19901
chr11|11|19|22273
chr11|11|20|21327
chr11|11|21|22387
chr11|11|22|23170
chr11|11|23|22054
chr11|11|24|23492
chr11|11|25|24434
chr11|11|26|24914
chr11|11|27|22471
chr11|11|28|18200
chr11|11|29|17499
chr11|11|30|20316
chr11|11|31|19088
chr11|11|32|16366
chr11|11|33|20153
chr11|11|34|19702
chr11|11|35|22285
chr11|11|36|22464
chr11|11|37|21639
chr11|11|38|21947
chr11|11|39|21331
chr11|11|40|22222
chr11|11|41|20388
chr11|11|42|21266
chr11|11|43|23081
chr11|11|44|20047
chr11|11|45|21324
chr11|11|46|20796
chr11|11|47|17859
chr11|11|48|20165
chr11|11|49|37874
chr11|11|50|22482
chr11|11|51|29437
chr11|11|52|19867
chr11|11|53|0
chr11|11|54|0
chr11|11|55|9951
chr11|11|56|31173
chr11|11|57|23232
chr11|11|58|20353
chr11|11|59|21179
chr11|11|60|20931
chr11|11|61|21913
chr11|11|62|21146
chr11|11|63|23182
chr11|11|64|21736
chr11|11|65|22918
chr11|11|66|22032
chr11|11|67|20272
chr11|11|68|26256
chr11|11|69|23629
chr11|11|70|21532
chr11|11|71|23003
chr11|11|72|26560
chr11|11|73|19102
chr11|11|74|20623
chr11|11|75|19885
chr11|11|76|19933
chr11|11|77|21510
chr11|11|78|20763
chr11|11|79|21721
chr11|11|80|21765
chr11|11|81|21722
chr11|11|82|22955
chr11|11|83|20707
chr11|11|84|21351
chr11|11|85|19897
chr11|11|86|20939
chr11|11|87|22487
chr11|11|88|22219
chr11|11|89|22529
chr11|11|90|17026
chr11|11|91|23044
chr11|11|92|22751
chr11|11|93|19913
chr11|11|94|21140
chr11|11|95|21061
chr11|11|96|20737
chr11|11|97|18369
chr11|11|98|21657
chr11|11|99|23609
chr11|11|100|25266
chr11|11|101|21362
chr11|11|102|21903
chr11|11|103|22443
chr11|11|104|21618
chr11|11|105|21816
chr11|11|106|18333
chr11|11|107|19574
chr11|11|108|21665
chr11|11|109|20651
chr11|11|110|20412
chr11|11|111|20272
chr11|11|112|19502
chr11|11|113|20750
chr11|11|114|21050
chr11|11|115|21536
chr11|11|116|19495
chr11|11|117|22564
chr11|11|118|22945
chr11|11|119|23256
chr11|11|120|22272
chr11|11|121|20330
chr11|11|122|20928
chr11|11|123|21071
chr11|11|124|23034
chr11|11|125|21752
chr11|11|126|21042
chr11|11|127|22327
chr11|11|128|20090
chr11|11|129|21032
chr11|11|130|21592
chr11|11|131|22152
chr11|11|132|24288
chr11|11|133|22190
chr11|11|134|21361
chr11|11|135|24807
chr11|11|136|0
chr12|12|1|21545
chr12|12|2|23388
chr12|12|3|22181
chr12|12|4|23357
chr12|12|5|21916
chr12|12|6|21251
chr12|12|7|26783
chr12|12|8|21789
chr12|12|9|25840
chr12|12|10|21636
chr12|12|11|23600
chr12|12|12|25602
chr12|12|13|22724
chr12|12|14|21619
chr12|12|15|20776
chr12|12|16|19641
chr12|12|17|18927
chr12|12|18|20289
chr12|12|19|21047
chr12|12|20|22581
chr12|12|21|22253
chr12|12|22|23171
chr12|12|23|19603
chr12|12|24|20151
chr12|12|25|20893
chr12|12|26|21921
chr12|12|27|21156
chr12|12|28|20835
chr12|12|29|19859
chr12|12|30|21880
chr12|12|31|23042
chr12|12|32|22669
chr12|12|33|23892
chr12|12|34|21320
chr12|12|35|29445
chr12|12|36|0
chr12|12|37|0
chr12|12|38|5931
chr12|12|39|41002
chr12|12|40|20475
chr12|12|41|22460
chr12|12|42|21533
chr12|12|43|21500
chr12|12|44|20432
chr12|12|45|19516
chr12|12|46|20166
chr12|12|47|19244
chr12|12|48|21342
chr12|12|49|21786
chr12|12|50|20177
chr12|12|51|20402
chr12|12|52|19991
chr12|12|53|22650
chr12|12|54|23690
chr12|12|55|20352
chr12|12|56|23465
chr12|12|57|21503
chr12|12|58|21162
chr12|12|59|20565
chr12|12|60|19896
chr12|12|61|19202
chr12|12|62|22296
chr12|12|63|19630
chr12|12|64|21121
chr12|12|65|19681
chr12|12|66|18110
chr12|12|67|20036
chr12|12|68|19511
chr12|12|69|19809
chr12|12|70|20424
chr12|12|71|20341
chr12|12|72|19743
chr12|12|73|18836
chr12|12|74|20388
chr12|12|75|19069
chr12|12|76|20513
chr12|12|77|20383
chr12|12|78|20340
chr12|12|79|21230
chr12|12|80|18610
chr12|12|81|19082
chr12|12|82|18694
chr12|12|83|19312
chr12|12|84|21077
chr12|12|85|21555
chr12|12|86|18668
chr12|12|87|20106
chr12|12|88|20161
chr12|12|89|18107
chr12|12|90|18085
chr12|12|91|17830
chr12|12|92|19473
chr12|12|93|20361
chr12|12|94|20427
chr12|12|95|21585
chr12|12|96|22926
chr12|12|97|21495
chr12|12|98|20491
chr12|12|99|20806
chr12|12|100|19133
chr12|12|101|19620
chr12|12|102|21068
chr12|12|103|19966
chr12|12|104|20440
chr12|12|105|22107
chr12|12|106|20792
chr12|12|107|20713
chr12|12|108|19144
chr12|12|109|22156
chr12|12|110|20534
chr12|12|111|18948
chr12|12|112|18429
chr12|12|113|16861
chr12|12|114|20732
chr12|12|115|23092
chr12|12|116|23052
chr12|12|117|20033
chr12|12|118|22397
chr12|12|119|21701
chr12|12|120|21056
chr12|12|121|20984
chr12|12|122|23650
chr12|12|123|20999
chr12|12|124|20773
chr12|12|125|23741
chr12|12|126|23590
chr12|12|127|23205
chr12|12|128|24641
chr12|12|129|25312
chr12|12|130|26204
chr12|12|131|25373
chr12|12|132|25889
chr12|12|133|24436
chr12|12|134|20030
chr13|13|1|0
chr13|13|2|0
chr13|13|3|0
chr13|13|4|0
chr13|13|5|0
chr13|13|6|0
chr13|13|7|0
chr13|13|8|0
chr13|13|9|0
chr13|13|10|0
chr13|13|11|0
chr13|13|12|0
chr13|13|13|0
chr13|13|14|0
chr13|13|15|0
chr13|13|16|0
chr13|13|17|0
chr13|13|18|0
chr13|13|19|0
chr13|13|20|27948
chr13|13|21|22271
chr13|13|22|22945
chr13|13|23|22273
chr13|13|24|24728
chr13|13|25|24219
chr13|13|26|24027
chr13|13|27|22169
chr13|13|28|22870
chr13|13|29|22411
chr13|13|30|22147
chr13|13|31|22146
chr13|13|32|22050
chr13|13|33|23097
chr13|13|34|21250
chr13|13|35|20979
chr13|13|36|18978
chr13|13|37|19867
chr13|13|38|19778
chr13|13|39|21637
chr13|13|40|22058
chr13|13|41|20924
chr13|13|42|20163
chr13|13|43|20313
chr13|13|44|21188
chr13|13|45|19236
chr13|13|46|20008
chr13|13|47|21326
chr13|13|48|20083
chr13|13|49|20853
chr13|13|50|19243
chr13|13|51|18940
chr13|13|52|18827
chr13|13|53|18015
chr13|13|54|19101
chr13|13|55|18150
chr13|13|56|19856
chr13|13|57|18715
chr13|13|58|16856
chr13|13|59|17665
chr13|13|60|19399
chr13|13|61|19051
chr13|13|62|21713
chr13|13|63|21482
chr13|13|64|23008
chr13|13|65|21929
chr13|13|66|19677
chr13|13|67|20083
chr13|13|68|19034
chr13|13|69|20250
chr13|13|70|20875
chr13|13|71|22644
chr13|13|72|21574
chr13|13|73|20150
chr13|13|74|21331
chr13|13|75|20610
chr13|13|76|21057
chr13|13|77|21978
chr13|13|78|20078
chr13|13|79|20128
chr13|13|80|21490
chr13|13|81|18436
chr13|13|82|19128
chr13|13|83|19871
chr13|13|84|21423
chr13|13|85|20024
chr13|13|86|22529
chr13|13|87|17918
chr13|13|88|19929
chr13|13|89|20378
chr13|13|90|19995
chr13|13|91|22054
chr13|13|92|20765
chr13|13|93|20911
chr13|13|94|20318
chr13|13|95|20738
chr13|13|96|22291
chr13|13|97|19962
chr13|13|98|19142
chr13|13|99|21611
chr13|13|100|22919
chr13|13|101|21208
chr13|13|102|21568
chr13|13|103|21034
chr13|13|104|22604
chr13|13|105|22967
chr13|13|106|23320
chr13|13|107|23007
chr13|13|108|21663
chr13|13|109|22031
chr13|13|110|23487
chr13|13|111|23514
chr13|13|112|24830
chr13|13|113|22977
chr13|13|114|26494
chr13|13|115|24052
chr13|13|116|2855
chr14|14|1|0
chr14|14|2|0
chr14|14|3|0
chr14|14|4|0
chr14|14|5|0
chr14|14|6|0
chr14|14|7|0
chr14|14|8|0
chr14|14|9|0
chr14|14|10|0
chr14|14|11|0
chr14|14|12|0
chr14|14|13|0
chr14|14|14|0
chr14|14|15|0
chr14|14|16|0
chr14|14|17|0
chr14|14|18|0
chr14|14|19|0
chr14|14|20|16129
chr14|14|21|23798
chr14|14|22|24178
chr14|14|23|24785
chr14|14|24|23715
chr14|14|25|25414
chr14|14|26|21230
chr14|14|27|19876
chr14|14|28|18808
chr14|14|29|20957
chr14|14|30|18960
chr14|14|31|19362
chr14|14|32|20477
chr14|14|33|21147
chr14|14|34|21169
chr14|14|35|22392
chr14|14|36|20743
chr14|14|37|18512
chr14|14|38|19512
chr14|14|39|19156
chr14|14|40|21105
chr14|14|41|20810
chr14|14|42|21606
chr14|14|43|21486
chr14|14|44|22002
chr14|14|45|20923
chr14|14|46|20032
chr14|14|47|21832
chr14|14|48|20015
chr14|14|49|21733
chr14|14|50|21146
chr14|14|51|21583
chr14|14|52|21764
chr14|14|53|22469
chr14|14|54|20783
chr14|14|55|19380
chr14|14|56|22275
chr14|14|57|22268
chr14|14|58|20240
chr14|14|59|20650
chr14|14|60|20855
chr14|14|61|18143
chr14|14|62|19882
chr14|14|63|22032
chr14|14|64|20894
chr14|14|65|21531
chr14|14|66|20988
chr14|14|67|19133
chr14|14|68|20095
chr14|14|69|19059
chr14|14|70|20408
chr14|14|71|21490
chr14|14|72|19688
chr14|14|73|21323
chr14|14|74|22002
chr14|14|75|22561
chr14|14|76|20401
chr14|14|77|20748
chr14|14|78|23011
chr14|14|79|21335
chr14|14|80|19837
chr14|14|81|19425
chr14|14|82|20295
chr14|14|83|20640
chr14|14|84|21752
chr14|14|85|20856
chr14|14|86|22002
chr14|14|87|22680
chr14|14|88|20595
chr14|14|89|22155
chr14|14|90|21335
chr14|14|91|21135
chr14|14|92|20743
chr14|14|93|22181
chr14|14|94|21452
chr14|14|95|22811
chr14|14|96|24565
chr14|14|97|23676
chr14|14|98|21631
chr14|14|99|24140
chr14|14|100|22438
chr14|14|101|21344
chr14|14|102|22261
chr14|14|103|21179
chr14|14|104|22828
chr14|14|105|23707
chr14|14|106|25061
chr14|14|107|32572
chr14|14|108|10900
chr15|15|1|0
chr15|15|2|0
chr15|15|3|0
chr15|15|4|0
chr15|15|5|0
chr15|15|6|0
chr15|15|7|0
chr15|15|8|0
chr15|15|9|0
chr15|15|10|0
chr15|15|11|0
chr15|15|12|0
chr15|15|13|0
chr15|15|14|0
chr15|15|15|0
chr15|15|16|0
chr15|15|17|0
chr15|15|18|0
chr15|15|19|0
chr15|15|20|0
chr15|15|21|22412
chr15|15|22|6459
chr15|15|23|19488
chr15|15|24|15704
chr15|15|25|28966
chr15|15|26|23382
chr15|15|27|23442
chr15|15|28|22077
chr15|15|29|15628
chr15|15|30|21092
chr15|15|31|11427
chr15|15|32|22278
chr15|15|33|13617
chr15|15|34|25032
chr15|15|35|23423
chr15|15|36|19566
chr15|15|37|19865
chr15|15|38|19846
chr15|15|39|20368
chr15|15|40|23107
chr15|15|41|21595
chr15|15|42|21268
chr15|15|43|22558
chr15|15|44|17338
chr15|15|45|18199
chr15|15|46|20848
chr15|15|47|21700
chr15|15|48|20149
chr15|15|49|19842
chr15|15|50|18205
chr15|15|51|20899
chr15|15|52|19603
chr15|15|53|21358
chr15|15|54|22527
chr15|15|55|23927
chr15|15|56|23571
chr15|15|57|21732
chr15|15|58|22701
chr15|15|59|25003
chr15|15|60|23819
chr15|15|61|22730
chr15|15|62|21440
chr15|15|63|22766
chr15|15|64|22633
chr15|15|65|19721
chr15|15|66|21606
chr15|15|67|21651
chr15|15|68|19730
chr15|15|69|21065
chr15|15|70|20089
chr15|15|71|21074
chr15|15|72|19482
chr15|15|73|18401
chr15|15|74|18318
chr15|15|75|19465
chr15|15|76|18842
chr15|15|77|18825
chr15|15|78|18779
chr15|15|79|22413
chr15|15|80|23521
chr15|15|81|22384
chr15|15|82|21066
chr15|15|83|11752
chr15|15|84|14869
chr15|15|85|17250
chr15|15|86|19406
chr15|15|87|25303
chr15|15|88|24828
chr15|15|89|22877
chr15|15|90|24477
chr15|15|91|23901
chr15|15|92|24596
chr15|15|93|23870
chr15|15|94|25353
chr15|15|95|23315
chr15|15|96|21959
chr15|15|97|21182
chr15|15|98|21157
chr15|15|99|24594
chr15|15|100|22895
chr15|15|101|26320
chr15|15|102|26428
chr15|15|103|11486
chr16|16|1|30595
chr16|16|2|31005
chr16|16|3|27037
chr16|16|4|27072
chr16|16|5|27747
chr16|16|6|33479
chr16|16|7|39407
chr16|16|8|38477
chr16|16|9|31929
chr16|16|10|26740
chr16|16|11|27804
chr16|16|12|27379
chr16|16|13|32360
chr16|16|14|25471
chr16|16|15|16335
chr16|16|16|17959
chr16|16|17|15785
chr16|16|18|22265
chr16|16|19|13598
chr16|16|20|22389
chr16|16|21|22019
chr16|16|22|15247
chr16|16|23|15821
chr16|16|24|22099
chr16|16|25|22309
chr16|16|26|22430
chr16|16|27|23683
chr16|16|28|22126
chr16|16|29|16532
chr16|16|30|17198
chr16|16|31|17404
chr16|16|32|19710
chr16|16|33|21027
chr16|16|34|31901
chr16|16|35|20440
chr16|16|36|10912
chr16|16|37|0
chr16|16|38|0
chr16|16|39|0
chr16|16|40|0
chr16|16|41|0
chr16|16|42|0
chr16|16|43|0
chr16|16|44|0
chr16|16|45|0
chr16|16|46|0
chr16|16|47|28547
chr16|16|48|15875
chr16|16|49|19342
chr16|16|50|20716
chr16|16|51|21513
chr16|16|52|22447
chr16|16|53|22076
chr16|16|54|19347
chr16|16|55|21840
chr16|16|56|23721
chr16|16|57|21285
chr16|16|58|23817
chr16|16|59|23302
chr16|16|60|20137
chr16|16|61|20716
chr16|16|62|19096
chr16|16|63|20871
chr16|16|64|19538
chr16|16|65|19905
chr16|16|66|20846
chr16|16|67|19668
chr16|16|68|18531
chr16|16|69|19999
chr16|16|70|19658
chr16|16|71|21534
chr16|16|72|20101
chr16|16|73|20406
chr16|16|74|23379
chr16|16|75|23478
chr16|16|76|25714
chr16|16|77|26152
chr16|16|78|28270
chr16|16|79|39365
chr16|16|80|33451
chr16|16|81|30135
chr16|16|82|32021
chr16|16|83|31344
chr16|16|84|33219
chr16|16|85|35332
chr16|16|86|28667
chr16|16|87|32123
chr16|16|88|30788
chr16|16|89|29985
chr16|16|90|31181
chr16|16|91|5755
chr17|17|1|28159
chr17|17|2|27564
chr17|17|3|23186
chr17|17|4|27029
chr17|17|5|26577
chr17|17|6|24347
chr17|17|7|24289
chr17|17|8|25789
chr17|17|9|23298
chr17|17|10|24754
chr17|17|11|23765
chr17|17|12|22349
chr17|17|13|23350
chr17|17|14|24220
chr17|17|15|24109
chr17|17|16|21232
chr17|17|17|20068
chr17|17|18|19973
chr17|17|19|17586
chr17|17|20|17296
chr17|17|21|18917
chr17|17|22|24744
chr17|17|23|10040
chr17|17|24|0
chr17|17|25|0
chr17|17|26|19596
chr17|17|27|19556
chr17|17|28|19062
chr17|17|29|17369
chr17|17|30|20228
chr17|17|31|20269
chr17|17|32|20795
chr17|17|33|22430
chr17|17|34|20583
chr17|17|35|16395
chr17|17|36|20119
chr17|17|37|18703
chr17|17|38|20930
chr17|17|39|20812
chr17|17|40|26128
chr17|17|41|20488
chr17|17|42|22885
chr17|17|43|21979
chr17|17|44|19365
chr17|17|45|12748
chr17|17|46|19894
chr17|17|47|18675
chr17|17|48|19243
chr17|17|49|23857
chr17|17|50|20039
chr17|17|51|19795
chr17|17|52|20662
chr17|17|53|20211
chr17|17|54|20037
chr17|17|55|20393
chr17|17|56|21190
chr17|17|57|18993
chr17|17|58|17663
chr17|17|59|17522
chr17|17|60|17959
chr17|17|61|20508
chr17|17|62|20184
chr17|17|63|17847
chr17|17|64|21841
chr17|17|65|21890
chr17|17|66|20755
chr17|17|67|22737
chr17|17|68|19761
chr17|17|69|21182
chr17|17|70|22323
chr17|17|71|23148
chr17|17|72|24272
chr17|17|73|25211
chr17|17|74|25205
chr17|17|75|24611
chr17|17|76|24141
chr17|17|77|27378
chr17|17|78|22372
chr17|17|79|26837
chr17|17|80|25702
chr17|17|81|27904
chr17|17|82|3945
chr18|18|1|24408
chr18|18|2|21031
chr18|18|3|22698
chr18|18|4|23352
chr18|18|5|22286
chr18|18|6|22126
chr18|18|7|22015
chr18|18|8|22040
chr18|18|9|23281
chr18|18|10|22362
chr18|18|11|23921
chr18|18|12|23790
chr18|18|13|22429
chr18|18|14|22553
chr18|18|15|26419
chr18|18|16|13956
chr18|18|17|0
chr18|18|18|0
chr18|18|19|10216
chr18|18|20|19166
chr18|18|21|19149
chr18|18|22|20770
chr18|18|23|21366
chr18|18|24|20041
chr18|18|25|19832
chr18|18|26|19910
chr18|18|27|19019
chr18|18|28|21177
chr18|18|29|21962
chr18|18|30|20922
chr18|18|31|18155
chr18|18|32|18026
chr18|18|33|18720
chr18|18|34|20088
chr18|18|35|18243
chr18|18|36|19713
chr18|18|37|19158
chr18|18|38|18609
chr18|18|39|20966
chr18|18|40|20054
chr18|18|41|19765
chr18|18|42|19970
chr18|18|43|19553
chr18|18|44|21938
chr18|18|45|20320
chr18|18|46|20606
chr18|18|47|20746
chr18|18|48|23634
chr18|18|49|20459
chr18|18|50|20990
chr18|18|51|23983
chr18|18|52|21931
chr18|18|53|16954
chr18|18|54|16749
chr18|18|55|20656
chr18|18|56|23199
chr18|18|57|21930
chr18|18|58|23311
chr18|18|59|21316
chr18|18|60|20814
chr18|18|61|19593
chr18|18|62|22375
chr18|18|63|22094
chr18|18|64|22186
chr18|18|65|21012
chr18|18|66|22720
chr18|18|67|21662
chr18|18|68|21511
chr18|18|69|21151
chr18|18|70|22419
chr18|18|71|23434
chr18|18|72|22755
chr18|18|73|20572
chr18|18|74|23366
chr18|18|75|24883
chr18|18|76|23805
chr18|18|77|27065
chr18|18|78|26763
chr18|18|79|386
chr19|19|1|27457
chr19|19|2|28003
chr19|19|3|29073
chr19|19|4|26742
chr19|19|5|27095
chr19|19|6|25282
chr19|19|7|26826
chr19|19|8|24388
chr19|19|9|23640
chr19|19|10|25624
chr19|19|11|24372
chr19|19|12|23952
chr19|19|13|21907
chr19|19|14|22427
chr19|19|15|23927
chr19|19|16|25820
chr19|19|17|23839
chr19|19|18|26000
chr19|19|19|22046
chr19|19|20|21009
chr19|19|21|23315
chr19|19|22|25794
chr19|19|23|24623
chr19|19|24|23854
chr19|19|25|19179
chr19|19|26|0
chr19|19|27|0
chr19|19|28|18873
chr19|19|29|25383
chr19|19|30|24506
chr19|19|31|21840
chr19|19|32|20480
chr19|19|33|20726
chr19|19|34|23190
chr19|19|35|20891
chr19|19|36|23122
chr19|19|37|23231
chr19|19|38|18679
chr19|19|39|21405
chr19|19|40|25304
chr19|19|41|22468
chr19|19|42|25081
chr19|19|43|20381
chr19|19|44|29235
chr19|19|45|24433
chr19|19|46|24722
chr19|19|47|23486
chr19|19|48|22820
chr19|19|49|24625
chr19|19|50|26585
chr19|19|51|24724
chr19|19|52|25914
chr19|19|53|24472
chr19|19|54|28613
chr19|19|55|30616
chr19|19|56|31397
chr19|19|57|28327
chr19|19|58|24226
chr19|19|59|24250
chr19|19|60|2963
chr20|20|1|23499
chr20|20|2|22251
chr20|20|3|23603
chr20|20|4|24173
chr20|20|5|23897
chr20|20|6|24750
chr20|20|7|22772
chr20|20|8|22281
chr20|20|9|20740
chr20|20|10|20926
chr20|20|11|21508
chr20|20|12|22008
chr20|20|13|23217
chr20|20|14|21229
chr20|20|15|19648
chr20|20|16|22227
chr20|20|17|23592
chr20|20|18|23817
chr20|20|19|22796
chr20|20|20|22656
chr20|20|21|20827
chr20|20|22|20188
chr20|20|23|23539
chr20|20|24|26099
chr20|20|25|24274
chr20|20|26|27622
chr20|20|27|15983
chr20|20|28|0
chr20|20|29|0
chr20|20|30|23315
chr20|20|31|20168
chr20|20|32|23030
chr20|20|33|19856
chr20|20|34|20753
chr20|20|35|19233
chr20|20|36|20600
chr20|20|37|22828
chr20|20|38|21059
chr20|20|39|20621
chr20|20|40|20896
chr20|20|41|21696
chr20|20|42|22474
chr20|20|43|23415
chr20|20|44|21909
chr20|20|45|24017
chr20|20|46|23018
chr20|20|47|24110
chr20|20|48|24458
chr20|20|49|22240
chr20|20|50|22710
chr20|20|51|23768
chr20|20|52|21589
chr20|20|53|24384
chr20|20|54|24118
chr20|20|55|24484
chr20|20|56|24222
chr20|20|57|23815
chr20|20|58|22536
chr20|20|59|23692
chr20|20|60|24916
chr20|20|61|29582
chr20|20|62|25529
chr20|20|63|26422
chr20|20|64|0
chr21|21|1|0
chr21|21|2|0
chr21|21|3|0
chr21|21|4|0
chr21|21|5|0
chr21|21|6|0
chr21|21|7|0
chr21|21|8|0
chr21|21|9|0
chr21|21|10|15320
chr21|21|11|28394
chr21|21|12|11942
chr21|21|13|0
chr21|21|14|0
chr21|21|15|17804
chr21|21|16|26646
chr21|21|17|23331
chr21|21|18|21590
chr21|21|19|25670
chr21|21|20|22282
chr21|21|21|22898
chr21|21|22|24217
chr21|21|23|23774
chr21|21|24|23038
chr21|21|25|23776
chr21|21|26|24960
chr21|21|27|20534
chr21|21|28|22861
chr21|21|29|22358
chr21|21|30|23200
chr21|21|31|22281
chr21|21|32|22920
chr21|21|33|22099
chr21|21|34|22533
chr21|21|35|21517
chr21|21|36|21573
chr21|21|37|22212
chr21|21|38|22833
chr21|21|39|22370
chr21|21|40|20863
chr21|21|41|23364
chr21|21|42|25356
chr21|21|43|23142
chr21|21|44|27174
chr21|21|45|24223
chr21|21|46|26494
chr21|21|47|27506
chr21|21|48|27126
chr21|21|49|2534
chr22|22|1|0
chr22|22|2|0
chr22|22|3|0
chr22|22|4|0
chr22|22|5|0
chr22|22|6|0
chr22|22|7|0
chr22|22|8|0
chr22|22|9|0
chr22|22|10|0
chr22|22|11|0
chr22|22|12|0
chr22|22|13|0
chr22|22|14|0
chr22|22|15|0
chr22|22|16|0
chr22|22|17|15041
chr22|22|18|26425
chr22|22|19|24379
chr22|22|20|23848
chr22|22|21|17361
chr22|22|22|17797
chr22|22|23|26347
chr22|22|24|26929
chr22|22|25|22749
chr22|22|26|25798
chr22|22|27|23407
chr22|22|28|24598
chr22|22|29|17444
chr22|22|30|21507
chr22|22|31|20852
chr22|22|32|20904
chr22|22|33|23765
chr22|22|34|22092
chr22|22|35|24399
chr22|22|36|24143
chr22|22|37|22552
chr22|22|38|25156
chr22|22|39|22222
chr22|22|40|24083
chr22|22|41|19349
chr22|22|42|20911
chr22|22|43|22575
chr22|22|44|25613
chr22|22|45|24767
chr22|22|46|27017
chr22|22|47|25280
chr22|22|48|26958
chr22|22|49|26758
chr22|22|50|32143
chr22|22|51|27858
chr22|22|52|5923
chrX|23|1|0
chrX|23|2|0
chrX|23|3|17791
chrX|23|4|18016
chrX|23|5|17618
chrX|23|6|17837
chrX|23|7|15232
chrX|23|8|12661
chrX|23|9|14809
chrX|23|10|16329
chrX|23|11|12652
chrX|23|12|12575
chrX|23|13|15369
chrX|23|14|14786
chrX|23|15|13515
chrX|23|16|13723
chrX|23|17|14019
chrX|23|18|11725
chrX|23|19|13200
chrX|23|20|14136
chrX|23|21|12437
chrX|23|22|12089
chrX|23|23|17095
chrX|23|24|16066
chrX|23|25|13485
chrX|23|26|13208
chrX|23|27|12812
chrX|23|28|14309
chrX|23|29|12962
chrX|23|30|14074
chrX|23|31|14646
chrX|23|32|15116
chrX|23|33|19409
chrX|23|34|15123
chrX|23|35|14793
chrX|23|36|14368
chrX|23|37|13067
chrX|23|38|13534
chrX|23|39|13969
chrX|23|40|13670
chrX|23|41|14202
chrX|23|42|13125
chrX|23|43|13401
chrX|23|44|12333
chrX|23|45|13399
chrX|23|46|13403
chrX|23|47|12883
chrX|23|48|14110
chrX|23|49|13846
chrX|23|50|11131
chrX|23|51|12318
chrX|23|52|11947
chrX|23|53|5101
chrX|23|54|12253
chrX|23|55|12759
chrX|23|56|14093
chrX|23|57|16902
chrX|23|58|16511
chrX|23|59|14528
chrX|23|60|0
chrX|23|61|0
chrX|23|62|17503
chrX|23|63|14674
chrX|23|64|17247
chrX|23|65|14955
chrX|23|66|17984
chrX|23|67|16492
chrX|23|68|14049
chrX|23|69|13651
chrX|23|70|13295
chrX|23|71|12303
chrX|23|72|11877
chrX|23|73|12364
chrX|23|74|12349
chrX|23|75|14927
chrX|23|76|20170
chrX|23|77|16142
chrX|23|78|13672
chrX|23|79|16490
chrX|23|80|15952
chrX|23|81|14695
chrX|23|82|16461
chrX|23|83|15184
chrX|23|84|14186
chrX|23|85|16722
chrX|23|86|16015
chrX|23|87|17907
chrX|23|88|17868
chrX|23|89|16103
chrX|23|90|15663
chrX|23|91|15799
chrX|23|92|15285
chrX|23|93|15662
chrX|23|94|15617
chrX|23|95|15642
chrX|23|96|14878
chrX|23|97|13277
chrX|23|98|13473
chrX|23|99|13105
chrX|23|100|13262
chrX|23|101|14554
chrX|23|102|10502
chrX|23|103|12777
chrX|23|104|12169
chrX|23|105|12913
chrX|23|106|12309
chrX|23|107|12158
chrX|23|108|13139
chrX|23|109|15548
chrX|23|110|12493
chrX|23|111|12475
chrX|23|112|15124
chrX|23|113|14374
chrX|23|114|13127
chrX|23|115|14000
chrX|23|116|16145
chrX|23|117|17943
chrX|23|118|14992
chrX|23|119|16077
chrX|23|120|14024
chrX|23|121|12218
chrX|23|122|16082
chrX|23|123|14137
chrX|23|124|14106
chrX|23|125|14712
chrX|23|126|14796
chrX|23|127|14934
chrX|23|128|13443
chrX|23|129|14257
chrX|23|130|12898
chrX|23|131|13042
chrX|23|132|12249
chrX|23|133|12146
chrX|23|134|11798
chrX|23|135|10618
chrX|23|136|13165
chrX|23|137|13030
chrX|23|138|13263
chrX|23|139|14222
chrX|23|140|14488
chrX|23|141|13750
chrX|23|142|17049
chrX|23|143|15875
chrX|23|144|14683
chrX|23|145|16563
chrX|23|146|16365
chrX|23|147|15273
chrX|23|148|13765
chrX|23|149|12323
chrX|23|150|12903
chrX|23|151|16011
chrX|23|152|13885
chrX|23|153|13105
chrX|23|154|15275
chrX|23|155|10309
chrX|23|156|0
chrY|24|1|33588
chrY|24|2|26821
chrY|24|3|21957
chrY|24|4|6018
chrY|24|5|5637
chrY|24|6|5881
chrY|24|7|3138
chrY|24|8|3041
chrY|24|9|2524
chrY|24|10|10094
chrY|24|11|7414
chrY|24|12|0
chrY|24|13|0
chrY|24|14|29048
chrY|24|15|3208
chrY|24|16|2839
chrY|24|17|3055
chrY|24|18|3311
chrY|24|19|2314
chrY|24|20|1746
chrY|24|21|279
chrY|24|22|3660
chrY|24|23|6518
chrY|24|24|4397
chrY|24|25|970
chrY|24|26|168
chrY|24|27|214
chrY|24|28|229
chrY|24|29|4140
chrY|24|30|0
chrY|24|31|0
chrY|24|32|0
chrY|24|33|0
chrY|24|34|0
chrY|24|35|0
chrY|24|36|0
chrY|24|37|0
chrY|24|38|0
chrY|24|39|0
chrY|24|40|0
chrY|24|41|0
chrY|24|42|0
chrY|24|43|0
chrY|24|44|0
chrY|24|45|0
chrY|24|46|0
chrY|24|47|0
chrY|24|48|0
chrY|24|49|0
chrY|24|50|0
chrY|24|51|0
chrY|24|52|0
chrY|24|53|0
chrY|24|54|0
chrY|24|55|0
chrY|24|56|0
chrY|24|57|0
chrY|24|58|0
chrY|24|59|8741
chrY|24|60|9354
